136897
139699
139467
138094
137173
149248
157870
137232
136310
136093
136601
136914
141136
156919
140225
136274
140283
136918
136361
136765
157360
138190
136754
140223
137168
140030
136594
137139
137106
136296
140407
136331
157705
140268
136832
140275
136275
139253
138260
137054
136939
136595
139711
136922
136278
137145
139770
139836
136768
136607
140403
136764
140086
137299
136511
136757
136273
136600
137040
136287
140363
136277
139763
136970
149188
140376
138168
137355
139917
137220
157361
138963
157366
157230
137137
138314
137269
149119
138293
140168
136917
157358
138442
139304
136247
136428
139695
136343
136685
140166
137176
136903
137689
136524
139643
136991
139689
136667
136199
136158
136882
136661
136435
141322
136753
140152
140154
138447
137475
140110
139822
138242
136611
138299
139823
151599
137159
136664
136998
136786
138819
136923
140458
139943
136485
136437
136443
157852
140517
137010
156922
136368
137130
136559
149289
157426
140450
136966
136795
136767
139657
136446
139460
139719
136812
136763
136389
139324
139346
136349
136269
136838
138670
136533
136352
137065
140397
136728
136822
136986
138542
137243
137353
136724
137031
136374
140151
136727
137201
137098
138832
136740
138657
136107
136556
151638
140594
136761
137768
137032
140017
136501
136762
136984
136441
139572
137350
136711
139170
140876
157514
136246
139030
156212
136844
139207
136127
137347
136926
138648
139189
140256
138939
157565
137174
139587
140263
137035
137079
139266
136916
136477
136999
136637
137366
140250
140331
139475
141032
136655
136802
157364
137014
136847
136305
136526
136476
139678
136899
136339
140461
136959
137120
136341
137178
137061
136852
137236
140629
151640
137041
157722
136982
136746
136518
138847
136598
136217
137117
136845
139152
136312
137256
136656
139601
157220
137102
149152
137096
137172
136100
136392
136301
136157
136340
136549
140378
136585
136941
137175
137135
136386
136364
140213
136438
136936
139264
136809
140165
140471
156435
150244
137367
141193
136748
140358
140459
157898
139825
136712
140164
151681
137177
137295
136720
140829
137125
139781
136377
138119
140623
136853
157365
157221
138865
138251
136499
139923
136893
137298
136406
136833
136766
139280
137006
136244
136248
136534
136433
140466
136258
136811
136478
136353
136788
136734
151567
139799
136251
136153
136980
136342
136359
136745
136987
140027
140105
136571
136638